1
2
5
6
7
9
10
11
12
16
18
27
28
29
32
36
37
39
40
41
42
44
47
53
54
55
57
65
97
103
104
116
121
135
155
158
159
163
190
199
210
214
215
218
226
228
232
239
250
251
256
257
278
282
293
300
309
316
320
326
342
348
355
361
369
388
392
401
405
414
418
426
427
428
450
451
482
490
491
506
518
521
545
553
557
567
584
593
597
611
616
621
645
661
671
679
702
713
722
749
762
768
772
784
795
801
804
812
813
